   2 STRETCH   2  3                     4.5155722       2.3895381
   2 STRETCH   2  3                     4.4845513       2.3731225
   2 STRETCH   2  3                     4.4534936       2.3566875
   2 STRETCH   2  3                     4.4223149       2.3401884
   2 STRETCH   2  3                     4.3910604       2.3236493
   2 STRETCH   2  3                     4.3597357       2.3070729
   2 STRETCH   2  3                     4.3283715       2.2904757
   2 STRETCH   2  3                     4.2970046       2.2738771
   2 STRETCH   2  3                     4.2656999       2.2573114
   2 STRETCH   2  3                     4.2344919       2.2407967
   2 STRETCH   2  3                     4.2033906       2.2243387
   2 STRETCH   2  3                     4.1724105       2.2079447
   2 STRETCH   2  3                     4.1415606       2.1916196
   2 STRETCH   2  3                     4.1108645       2.1753759
   2 STRETCH   2  3                     4.0803413       2.1592238
   2 STRETCH   2  3                     4.0500193       2.1431781
   2 STRETCH   2  3                     4.0199269       2.1272539
   2 STRETCH   2  3                     3.9901051       2.1114729
   2 STRETCH   2  3                     3.9606090       2.0958642
   2 STRETCH   2  3                     3.9315154       2.0804685
   2 STRETCH   2  3                     3.9029179       2.0653354
   2 STRETCH   2  3                     3.8749996       2.0505616
   2 STRETCH   2  3                     3.8480324       2.0362912
   2 STRETCH   2  3                     3.8224768       2.0227678
   2 STRETCH   2  3                     3.7990233       2.0103567
   2 STRETCH   2  3                     3.7784624       1.9994763
   2 STRETCH   2  3                     3.7614384       1.9904676
   2 STRETCH   2  3                     3.7483335       1.9835328
   2 STRETCH   2  3                     3.7389268       1.9785550
   2 STRETCH   2  3                     3.7324732       1.9751399
   2 STRETCH   2  3                     3.7282335       1.9728963
   2 STRETCH   2  3                     3.7256241       1.9715155
   2 STRETCH   2  3                     3.7238617       1.9705829
   2 STRETCH   2  3                     3.7226252       1.9699285
   2 STRETCH   2  3                     3.7214655       1.9693149
   2 STRETCH   2  3                     3.7201113       1.9685983
   2 STRETCH   2  3                     3.7186401       1.9678197
   2 STRETCH   2  3                     3.7171814       1.9670479
   2 STRETCH   2  3                     3.7156536       1.9662393
   2 STRETCH   2  3                     3.7141976       1.9654689
   2 STRETCH   2  3                     3.7127709       1.9647139
   2 STRETCH   2  3                     3.7113307       1.9639518
   2 STRETCH   2  3                     3.7099858       1.9632401
   2 STRETCH   2  3                     3.7085299       1.9624696
   2 STRETCH   2  3                     3.7071682       1.9617491
   2 STRETCH   2  3                     3.7057193       1.9609824
   2 STRETCH   2  3                     3.7043048       1.9602338
   2 STRETCH   2  3                     3.7030372       1.9595630
   2 STRETCH   2  3                     3.7014530       1.9587247
   2 STRETCH   2  3                     3.7005093       1.9582253
