   1 STRETCH   1  3                     4.5210559       2.3924399
   1 STRETCH   1  3                     4.5523721       2.4090118
   1 STRETCH   1  3                     4.5836223       2.4255486
   1 STRETCH   1  3                     4.6147790       2.4420361
   1 STRETCH   1  3                     4.6458431       2.4584745
   1 STRETCH   1  3                     4.6768308       2.4748724
   1 STRETCH   1  3                     4.7077511       2.4912348
   1 STRETCH   1  3                     4.7386530       2.5075874
   1 STRETCH   1  3                     4.7695906       2.5239588
   1 STRETCH   1  3                     4.8005985       2.5403675
   1 STRETCH   1  3                     4.8316746       2.5568123
   1 STRETCH   1  3                     4.8628208       2.5732941
   1 STRETCH   1  3                     4.8940405       2.5898149
   1 STRETCH   1  3                     4.9253421       2.6063790
   1 STRETCH   1  3                     4.9567343       2.6229910
   1 STRETCH   1  3                     4.9882298       2.6396577
   1 STRETCH   1  3                     5.0198420       2.6563862
   1 STRETCH   1  3                     5.0515888       2.6731859
   1 STRETCH   1  3                     5.0834890       2.6900667
   1 STRETCH   1  3                     5.1155646       2.7070404
   1 STRETCH   1  3                     5.1478294       2.7241142
   1 STRETCH   1  3                     5.1803039       2.7412989
   1 STRETCH   1  3                     5.2129767       2.7585886
   1 STRETCH   1  3                     5.2457740       2.7759443
   1 STRETCH   1  3                     5.2784939       2.7932589
   1 STRETCH   1  3                     5.3107689       2.8103381
   1 STRETCH   1  3                     5.3420596       2.8268964
   1 STRETCH   1  3                     5.3718465       2.8426590
   1 STRETCH   1  3                     5.3998928       2.8575004
   1 STRETCH   1  3                     5.4262934       2.8714710
   1 STRETCH   1  3                     5.4513438       2.8847271
   1 STRETCH   1  3                     5.4753167       2.8974130
   1 STRETCH   1  3                     5.4987280       2.9098017
   1 STRETCH   1  3                     5.5217466       2.9219827
   1 STRETCH   1  3                     5.5446967       2.9341273
   1 STRETCH   1  3                     5.5677551       2.9463294
   1 STRETCH   1  3                     5.5908962       2.9585751
   1 STRETCH   1  3                     5.6140229       2.9708132
   1 STRETCH   1  3                     5.6371684       2.9830613
   1 STRETCH   1  3                     5.6602807       2.9952917
   1 STRETCH   1  3                     5.6833498       3.0074994
   1 STRETCH   1  3                     5.7064376       3.0197170
   1 STRETCH   1  3                     5.7294183       3.0318778
   1 STRETCH   1  3                     5.7524994       3.0440918
   1 STRETCH   1  3                     5.7755048       3.0562658
   1 STRETCH   1  3                     5.7985780       3.0684755
   1 STRETCH   1  3                     5.8213981       3.0805515
   1 STRETCH   1  3                     5.8434955       3.0922449
   1 STRETCH   1  3                     5.8654737       3.1038753
   1 STRETCH   1  3                     5.8825999       3.1129381
