   1 STRETCH   1  3                     4.5210559       2.3924399
   1 STRETCH   1  3                     4.4897170       2.3758561
   1 STRETCH   1  3                     4.4583152       2.3592390
   1 STRETCH   1  3                     4.4267938       2.3425586
   1 STRETCH   1  3                     4.3951956       2.3258375
   1 STRETCH   1  3                     4.3635270       2.3090792
   1 STRETCH   1  3                     4.3318172       2.2922991
   1 STRETCH   1  3                     4.3001020       2.2755161
   1 STRETCH   1  3                     4.2684457       2.2587643
   1 STRETCH   1  3                     4.2368911       2.2420664
   1 STRETCH   1  3                     4.2054510       2.2254290
   1 STRETCH   1  3                     4.1741394       2.2088596
   1 STRETCH   1  3                     4.1429684       2.1923646
   1 STRETCH   1  3                     4.1119670       2.1759594
   1 STRETCH   1  3                     4.0811641       2.1596592
   1 STRETCH   1  3                     4.0506024       2.1434867
   1 STRETCH   1  3                     4.0203302       2.1274673
   1 STRETCH   1  3                     3.9904177       2.1116383
   1 STRETCH   1  3                     3.9609398       2.0960392
   1 STRETCH   1  3                     3.9320246       2.0807380
   1 STRETCH   1  3                     3.9037939       2.0657989
   1 STRETCH   1  3                     3.8764626       2.0513358
   1 STRETCH   1  3                     3.8502868       2.0374842
   1 STRETCH   1  3                     3.8256257       2.0244341
   1 STRETCH   1  3                     3.8029294       2.0124237
   1 STRETCH   1  3                     3.7827187       2.0017287
   1 STRETCH   1  3                     3.7655135       1.9926241
   1 STRETCH   1  3                     3.7517038       1.9853163
   1 STRETCH   1  3                     3.7414036       1.9798657
   1 STRETCH   1  3                     3.7343798       1.9761489
   1 STRETCH   1  3                     3.7300440       1.9738544
   1 STRETCH   1  3                     3.7275345       1.9725264
   1 STRETCH   1  3                     3.7259690       1.9716981
   1 STRETCH   1  3                     3.7245239       1.9709333
   1 STRETCH   1  3                     3.7229767       1.9701146
   1 STRETCH   1  3                     3.7213379       1.9692473
   1 STRETCH   1  3                     3.7198700       1.9684706
   1 STRETCH   1  3                     3.7182424       1.9676093
   1 STRETCH   1  3                     3.7168131       1.9668529
   1 STRETCH   1  3                     3.7152270       1.9660136
   1 STRETCH   1  3                     3.7137952       1.9652559
   1 STRETCH   1  3                     3.7123175       1.9644740
   1 STRETCH   1  3                     3.7108447       1.9636946
   1 STRETCH   1  3                     3.7093931       1.9629264
   1 STRETCH   1  3                     3.7079690       1.9621729
   1 STRETCH   1  3                     3.7064410       1.9613643
   1 STRETCH   1  3                     3.7050397       1.9606227
   1 STRETCH   1  3                     3.7037903       1.9599616
   1 STRETCH   1  3                     3.7026735       1.9593706
   1 STRETCH   1  3                     3.7019604       1.9589932
   1 STRETCH   1  3                     3.7016383       1.9588227
   1 STRETCH   1  3                     3.7014192       1.9587068
