   2 STRETCH   2  3                     4.5155722       2.3895381
   2 STRETCH   2  3                     4.5465772       2.4059452
   2 STRETCH   2  3                     4.5774887       2.4223029
   2 STRETCH   2  3                     4.6082989       2.4386070
   2 STRETCH   2  3                     4.6390109       2.4548590
   2 STRETCH   2  3                     4.6696407       2.4710676
   2 STRETCH   2  3                     4.7001992       2.4872385
   2 STRETCH   2  3                     4.7307362       2.5033980
   2 STRETCH   2  3                     4.7613196       2.5195820
   2 STRETCH   2  3                     4.7919977       2.5358161
   2 STRETCH   2  3                     4.8227686       2.5520994
   2 STRETCH   2  3                     4.8536302       2.5684307
   2 STRETCH   2  3                     4.8845846       2.5848110
   2 STRETCH   2  3                     4.9156404       2.6012451
   2 STRETCH   2  3                     4.9468078       2.6177382
   2 STRETCH   2  3                     4.9781013       2.6342979
   2 STRETCH   2  3                     5.0095369       2.6509330
   2 STRETCH   2  3                     5.0411383       2.6676557
   2 STRETCH   2  3                     5.0729251       2.6844766
   2 STRETCH   2  3                     5.1049247       2.7014100
   2 STRETCH   2  3                     5.1371411       2.7184582
   2 STRETCH   2  3                     5.1695811       2.7356247
   2 STRETCH   2  3                     5.2022056       2.7528889
   2 STRETCH   2  3                     5.2349231       2.7702022
   2 STRETCH   2  3                     5.2675516       2.7874684
   2 STRETCH   2  3                     5.2997945       2.8045307
   2 STRETCH   2  3                     5.3312446       2.8211734
   2 STRETCH   2  3                     5.3614474       2.8371560
   2 STRETCH   2  3                     5.3900304       2.8522815
   2 STRETCH   2  3                     5.4168312       2.8664638
   2 STRETCH   2  3                     5.4419967       2.8797808
   2 STRETCH   2  3                     5.4659362       2.8924491
   2 STRETCH   2  3                     5.4891805       2.9047495
   2 STRETCH   2  3                     5.5123074       2.9169877
   2 STRETCH   2  3                     5.5354917       2.9292563
   2 STRETCH   2  3                     5.5587327       2.9415549
   2 STRETCH   2  3                     5.5818555       2.9537909
   2 STRETCH   2  3                     5.6050714       2.9660763
   2 STRETCH   2  3                     5.6281499       2.9782889
   2 STRETCH   2  3                     5.6513266       2.9905535
   2 STRETCH   2  3                     5.6743810       3.0027533
   2 STRETCH   2  3                     5.6974656       3.0149692
   2 STRETCH   2  3                     5.7204816       3.0271487
   2 STRETCH   2  3                     5.7434940       3.0393263
   2 STRETCH   2  3                     5.7664791       3.0514895
   2 STRETCH   2  3                     5.7895330       3.0636892
   2 STRETCH   2  3                     5.8122005       3.0756843
   2 STRETCH   2  3                     5.8340833       3.0872642
   2 STRETCH   2  3                     5.8521196       3.0968086
   2 STRETCH   2  3                     5.8622319       3.1021598
   2 STRETCH   2  3                     5.8680510       3.1052391
   2 STRETCH   2  3                     5.8723304       3.1075037
