   1 STRETCH   1  3                     4.5056557       2.3842905
   1 STRETCH   1  3                     4.4745835       2.3678478
   1 STRETCH   1  3                     4.4435936       2.3514486
   1 STRETCH   1  3                     4.4125427       2.3350172
   1 STRETCH   1  3                     4.3815576       2.3186206
   1 STRETCH   1  3                     4.3506547       2.3022675
   1 STRETCH   1  3                     4.3198440       2.2859631
   1 STRETCH   1  3                     4.2891804       2.2697367
   1 STRETCH   1  3                     4.2586518       2.2535816
   1 STRETCH   1  3                     4.2283473       2.2375452
   1 STRETCH   1  3                     4.1982934       2.2216414
   1 STRETCH   1  3                     4.1685969       2.2059267
   1 STRETCH   1  3                     4.1393579       2.1904540
   1 STRETCH   1  3                     4.1107650       2.1753233
   1 STRETCH   1  3                     4.0830607       2.1606628
   1 STRETCH   1  3                     4.0566171       2.1466695
   1 STRETCH   1  3                     4.0320902       2.1336904
   1 STRETCH   1  3                     4.0100198       2.1220113
   1 STRETCH   1  3                     3.9917213       2.1123281
   1 STRETCH   1  3                     3.9773856       2.1047420
   1 STRETCH   1  3                     3.9673064       2.0994083
   1 STRETCH   1  3                     3.9597387       2.0954036
   1 STRETCH   1  3                     3.9536972       2.0922066
   1 STRETCH   1  3                     3.9564874       2.0936831
