   1 STRETCH   1  3                     4.5056557       2.3842905
   1 STRETCH   1  3                     4.5370415       2.4008991
   1 STRETCH   1  3                     4.5685023       2.4175475
   1 STRETCH   1  3                     4.5999083       2.4341668
   1 STRETCH   1  3                     4.6313593       2.4508100
   1 STRETCH   1  3                     4.6628766       2.4674882
   1 STRETCH   1  3                     4.6944660       2.4842046
   1 STRETCH   1  3                     4.7261459       2.5009689
   1 STRETCH   1  3                     4.7579260       2.5177862
   1 STRETCH   1  3                     4.7898219       2.5346648
   1 STRETCH   1  3                     4.8218582       2.5516177
   1 STRETCH   1  3                     4.8540628       2.5686596
   1 STRETCH   1  3                     4.8864578       2.5858023
   1 STRETCH   1  3                     4.9190736       2.6030618
   1 STRETCH   1  3                     4.9519122       2.6204393
   1 STRETCH   1  3                     4.9849445       2.6379192
   1 STRETCH   1  3                     5.0180193       2.6554217
   1 STRETCH   1  3                     5.0508117       2.6727746
   1 STRETCH   1  3                     5.0826240       2.6896090
   1 STRETCH   1  3                     5.1130903       2.7057311
   1 STRETCH   1  3                     5.1416791       2.7208596
   1 STRETCH   1  3                     5.1688565       2.7352413
   1 STRETCH   1  3                     5.1948471       2.7489949
