   2 STRETCH   2  3                     4.5056557       2.3842905
   2 STRETCH   2  3                     4.5370414       2.4008991
   2 STRETCH   2  3                     4.5685020       2.4175473
   2 STRETCH   2  3                     4.5999079       2.4341666
   2 STRETCH   2  3                     4.6313586       2.4508096
   2 STRETCH   2  3                     4.6628757       2.4674877
   2 STRETCH   2  3                     4.6944648       2.4842039
   2 STRETCH   2  3                     4.7261444       2.5009681
   2 STRETCH   2  3                     4.7579246       2.5177855
   2 STRETCH   2  3                     4.7898200       2.5346638
   2 STRETCH   2  3                     4.8218527       2.5516147
   2 STRETCH   2  3                     4.8540551       2.5686555
   2 STRETCH   2  3                     4.8864438       2.5857949
   2 STRETCH   2  3                     4.9190523       2.6030505
   2 STRETCH   2  3                     4.9518885       2.6204267
   2 STRETCH   2  3                     4.9848951       2.6378931
   2 STRETCH   2  3                     5.0179759       2.6553987
   2 STRETCH   2  3                     5.0507814       2.6727586
   2 STRETCH   2  3                     5.0827211       2.6896604
   2 STRETCH   2  3                     5.1132141       2.7057966
   2 STRETCH   2  3                     5.1417220       2.7208823
   2 STRETCH   2  3                     5.1688411       2.7352331
   2 STRETCH   2  3                     5.1928458       2.7479358
   2 STRETCH   2  3                     5.1814305       2.7418951
