   2 STRETCH   2  3                     4.5056557       2.3842905
   2 STRETCH   2  3                     4.4745837       2.3678479
   2 STRETCH   2  3                     4.4435940       2.3514489
   2 STRETCH   2  3                     4.4125431       2.3350174
   2 STRETCH   2  3                     4.3815583       2.3186210
   2 STRETCH   2  3                     4.3506552       2.3022677
   2 STRETCH   2  3                     4.3198451       2.2859637
   2 STRETCH   2  3                     4.2891813       2.2697371
   2 STRETCH   2  3                     4.2586525       2.2535820
   2 STRETCH   2  3                     4.2283482       2.2375457
   2 STRETCH   2  3                     4.1982939       2.2216416
   2 STRETCH   2  3                     4.1685961       2.2059262
   2 STRETCH   2  3                     4.1393608       2.1904556
   2 STRETCH   2  3                     4.1107674       2.1753246
   2 STRETCH   2  3                     4.0830735       2.1606696
   2 STRETCH   2  3                     4.0566105       2.1466660
   2 STRETCH   2  3                     4.0321169       2.1337045
   2 STRETCH   2  3                     4.0100198       2.1220112
   2 STRETCH   2  3                     3.9920265       2.1124896
   2 STRETCH   2  3                     3.9776053       2.1048582
   2 STRETCH   2  3                     3.9673406       2.0994264
   2 STRETCH   2  3                     3.9596520       2.0953577
   2 STRETCH   2  3                     3.9531314       2.0919072
